/* ===========================================================================
 *
 *                            PUBLIC DOMAIN NOTICE
 *               National Center for Biotechnology Information
 *
 *  This software/database is a "United States Government Work" under the
 *  terms of the United States Copyright Act.  It was written as part of
 *  the author's official duties as a United States Government employee and
 *  thus cannot be copyrighted.  This software/database is freely available
 *  to the public for use. The National Library of Medicine and the U.S.
 *  Government have not placed any restriction on its use or reproduction.
 *
 *  Although all reasonable efforts have been taken to ensure the accuracy
 *  and reliability of the software and data, the NLM and the U.S.
 *  Government do not and cannot warrant the performance or results that
 *  may be obtained by using this software or data. The NLM and the U.S.
 *  Government disclaim all warranties, express or implied, including
 *  warranties of performance, merchantability or fitness for any particular
 *  purpose.
 *
 *  Please cite the author in any work or product based on this material.
 *
 * ===========================================================================
 */





#include "blast.h"
#include <limits.h>


typedef struct SFreqRatios {

    /** The actual frequency ratios */
    double**   data;

    /** Used to multiply the values in the above matrix to obtain scores in bit
     * units */
    int        bit_scale_factor;

} SFreqRatios;

static const double BLOSUM62_FREQRATIOS[BLASTAA_SIZE][BLASTAA_SIZE] =
{{0.00000000e+00, 0.00000000e+00, 0.00000000e+00, 0.00000000e+00,
  0.00000000e+00, 0.00000000e+00, 0.00000000e+00, 0.00000000e+00,
  0.00000000e+00, 0.00000000e+00, 0.00000000e+00, 0.00000000e+00,
  0.00000000e+00, 0.00000000e+00, 0.00000000e+00, 0.00000000e+00,
  0.00000000e+00, 0.00000000e+00, 0.00000000e+00, 0.00000000e+00,
  0.00000000e+00, 0.00000000e+00, 0.00000000e+00, 0.00000000e+00,
  0.00000000e+00, 0.00000000e+00, 0.00000000e+00, 0.00000000e+00},
 {0.00000000e+00, 3.90294070e+00, 5.64459671e-01, 8.67987664e-01,
  5.44605275e-01, 7.41264113e-01, 4.64893827e-01, 1.05686961e+00,
  5.69364849e-01, 6.32481035e-01, 7.75390239e-01, 6.01945975e-01,
  7.23150342e-01, 5.88307640e-01, 7.54121369e-01, 7.56803943e-01,
  6.12698600e-01, 1.47210399e+00, 9.84401956e-01, 9.36458396e-01,
  4.16548781e-01, 7.50000000e-01, 5.42611869e-01, 7.47274948e-01,
  7.50000000e-01, 2.50000000e-01, 7.50000000e-01, 6.14377313e-01},
 {0.00000000e+00, 5.64459671e-01, 4.43758048e+00, 3.45226274e-01,
  4.74290926e+00, 1.33503378e+00, 3.24101420e-01, 7.38524318e-01,
  9.25449581e-01, 3.33981361e-01, 8.54849426e-01, 2.97257620e-01,
  4.04640322e-01, 4.07083696e+00, 5.53838329e-01, 9.44103648e-01,
  7.02873767e-01, 1.05798620e+00, 8.26250098e-01, 3.51280513e-01,
  2.52855433e-01, 7.50000000e-01, 4.09444638e-01, 1.18382127e+00,
  7.50000000e-01, 2.50000000e-01, 7.50000000e-01, 3.12208474e-01},
 {0.00000000e+00, 8.67987664e-01, 3.45226274e-01, 1.95765857e+01,
  3.01454345e-01, 2.85934574e-01, 4.38990118e-01, 4.20387870e-01,
  3.55049505e-01, 6.53458801e-01, 3.49128465e-01, 6.42275633e-01,
  6.11354340e-01, 3.97802620e-01, 3.79562691e-01, 3.65781531e-01,
  3.08939296e-01, 7.38415701e-01, 7.40551692e-01, 7.55844055e-01,
  4.49983903e-01, 7.50000000e-01, 4.34203398e-01, 3.16819526e-01,
  7.50000000e-01, 2.50000000e-01, 7.50000000e-01, 6.46828489e-01},
 {0.00000000e+00, 5.44605275e-01, 4.74290926e+00, 3.01454345e-01,
  7.39792738e+00, 1.68781075e+00, 2.98969081e-01, 6.34301019e-01,
  6.78558839e-01, 3.39015407e-01, 7.84090406e-01, 2.86613046e-01,
  3.46454634e-01, 1.55385281e+00, 5.98716826e-01, 8.97081129e-01,
  5.73200024e-01, 9.13504624e-01, 6.94789868e-01, 3.36500142e-01,
  2.32102315e-01, 7.50000000e-01, 3.45683565e-01, 1.38195506e+00,
  7.50000000e-01, 2.50000000e-01, 7.50000000e-01, 3.07946931e-01},
 {0.00000000e+00, 7.41264113e-01, 1.33503378e+00, 2.85934574e-01,
  1.68781075e+00, 5.46952608e+00, 3.30743991e-01, 4.81267655e-01,
  9.60040718e-01, 3.30522558e-01, 1.30827885e+00, 3.72873704e-01,
  5.00342289e-01, 9.11298183e-01, 6.79202587e-01, 1.90173784e+00,
  9.60797602e-01, 9.50357185e-01, 7.41425610e-01, 4.28943130e-01,
  3.74300212e-01, 7.50000000e-01, 4.96467354e-01, 4.08949895e+00,
  7.50000000e-01, 2.50000000e-01, 7.50000000e-01, 3.55631838e-01},
 {0.00000000e+00, 4.64893827e-01, 3.24101420e-01, 4.38990118e-01,
  2.98969081e-01, 3.30743991e-01, 8.12879702e+00, 3.40640908e-01,
  6.51990521e-01, 9.45769883e-01, 3.44043119e-01, 1.15459749e+00,
  1.00437163e+00, 3.54288952e-01, 2.87444758e-01, 3.33972402e-01,
  3.80726330e-01, 4.39973597e-01, 4.81693683e-01, 7.45089738e-01,
  1.37437942e+00, 7.50000000e-01, 2.76938063e+00, 3.31992746e-01,
  7.50000000e-01, 2.50000000e-01, 7.50000000e-01, 1.06958025e+00},
 {0.00000000e+00, 1.05686961e+00, 7.38524318e-01, 4.20387870e-01,
  6.34301019e-01, 4.81267655e-01, 3.40640908e-01, 6.87630691e+00,
  4.92966576e-01, 2.75009722e-01, 5.88871736e-01, 2.84504012e-01,
  3.95486600e-01, 8.63711406e-01, 4.77385507e-01, 5.38649627e-01,
  4.49983999e-01, 9.03596525e-01, 5.79271582e-01, 3.36954912e-01,
  4.21690355e-01, 7.50000000e-01, 3.48714366e-01, 5.03463109e-01,
  7.50000000e-01, 2.50000000e-01, 7.50000000e-01, 2.80638726e-01},
 {0.00000000e+00, 5.69364849e-01, 9.25449581e-01, 3.55049505e-01,
  6.78558839e-01, 9.60040718e-01, 6.51990521e-01, 4.92966576e-01,
  1.35059997e+01, 3.26288125e-01, 7.78887490e-01, 3.80675486e-01,
  5.84132623e-01, 1.22200067e+00, 4.72879831e-01, 1.16798104e+00,
  9.17048021e-01, 7.36731740e-01, 5.57503254e-01, 3.39447442e-01,
  4.44088955e-01, 7.50000000e-01, 1.79790413e+00, 1.04047242e+00,
  7.50000000e-01, 2.50000000e-01, 7.50000000e-01, 3.58533474e-01},
 {0.00000000e+00, 6.32481035e-01, 3.33981361e-01, 6.53458801e-01,
  3.39015407e-01, 3.30522558e-01, 9.45769883e-01, 2.75009722e-01,
  3.26288125e-01, 3.99792994e+00, 3.96372934e-01, 1.69443475e+00,
  1.47774450e+00, 3.27934752e-01, 3.84662860e-01, 3.82937802e-01,
  3.54751311e-01, 4.43163582e-01, 7.79816110e-01, 2.41751209e+00,
  4.08874390e-01, 7.50000000e-01, 6.30388931e-01, 3.50796872e-01,
  7.50000000e-01, 2.50000000e-01, 7.50000000e-01, 2.63222650e+00},
 {0.00000000e+00, 7.75390239e-01, 8.54849426e-01, 3.49128465e-01,
  7.84090406e-01, 1.30827885e+00, 3.44043119e-01, 5.88871736e-01,
  7.78887490e-01, 3.96372934e-01, 4.76433717e+00, 4.28270363e-01,
  6.25302816e-01, 9.39841129e-01, 7.03774479e-01, 1.55432308e+00,
  2.07680867e+00, 9.31919141e-01, 7.92905803e-01, 4.56542720e-01,
  3.58930071e-01, 7.50000000e-01, 5.32179333e-01, 1.40344922e+00,
  7.50000000e-01, 2.50000000e-01, 7.50000000e-01, 4.15284382e-01},
 {0.00000000e+00, 6.01945975e-01, 2.97257620e-01, 6.42275633e-01,
  2.86613046e-01, 3.72873704e-01, 1.15459749e+00, 2.84504012e-01,
  3.80675486e-01, 1.69443475e+00, 4.28270363e-01, 3.79662137e+00,
  1.99429557e+00, 3.10043276e-01, 3.71121724e-01, 4.77325586e-01,
  4.73919278e-01, 4.28893743e-01, 6.60328975e-01, 1.31423573e+00,
  5.68037074e-01, 7.50000000e-01, 6.92059423e-01, 4.13275887e-01,
  7.50000000e-01, 2.50000000e-01, 7.50000000e-01, 2.94078574e+00},
 {0.00000000e+00, 7.23150342e-01, 4.04640322e-01, 6.11354340e-01,
  3.46454634e-01, 5.00342289e-01, 1.00437163e+00, 3.95486600e-01,
  5.84132623e-01, 1.47774450e+00, 6.25302816e-01, 1.99429557e+00,
  6.48145121e+00, 4.74529655e-01, 4.23898024e-01, 8.64250293e-01,
  6.22623369e-01, 5.98558924e-01, 7.93801616e-01, 1.26893679e+00,
  6.10296214e-01, 7.50000000e-01, 7.08364628e-01, 6.41102583e-01,
  7.50000000e-01, 2.50000000e-01, 7.50000000e-01, 1.78399892e+00},
 {0.00000000e+00, 5.88307640e-01, 4.07083696e+00, 3.97802620e-01,
  1.55385281e+00, 9.11298183e-01, 3.54288952e-01, 8.63711406e-01,
  1.22200067e+00, 3.27934752e-01, 9.39841129e-01, 3.10043276e-01,
  4.74529655e-01, 7.09409488e+00, 4.99932836e-01, 1.00058442e+00,
  8.58630478e-01, 1.23152924e+00, 9.84152635e-01, 3.69033853e-01,
  2.77782896e-01, 7.50000000e-01, 4.86030806e-01, 9.45834265e-01,
  7.50000000e-01, 2.50000000e-01, 7.50000000e-01, 3.17327197e-01},
 {0.00000000e+00, 7.54121369e-01, 5.53838329e-01, 3.79562691e-01,
  5.98716826e-01, 6.79202587e-01, 2.87444758e-01, 4.77385507e-01,
  4.72879831e-01, 3.84662860e-01, 7.03774479e-01, 3.71121724e-01,
  4.23898024e-01, 4.99932836e-01, 1.28375437e+01, 6.41280589e-01,
  4.81534905e-01, 7.55503259e-01, 6.88897122e-01, 4.43082984e-01,
  2.81833164e-01, 7.50000000e-01, 3.63521119e-01, 6.64534287e-01,
  7.50000000e-01, 2.50000000e-01, 7.50000000e-01, 3.76634549e-01},
 {0.00000000e+00, 7.56803943e-01, 9.44103648e-01, 3.65781531e-01,
  8.97081129e-01, 1.90173784e+00, 3.33972402e-01, 5.38649627e-01,
  1.16798104e+00, 3.82937802e-01, 1.55432308e+00, 4.77325586e-01,
  8.64250293e-01, 1.00058442e+00, 6.41280589e-01, 6.24442175e+00,
  1.40579606e+00, 9.65555228e-01, 7.91320741e-01, 4.66777931e-01,
  5.09360272e-01, 7.50000000e-01, 6.11094097e-01, 3.58149606e+00,
  7.50000000e-01, 2.50000000e-01, 7.50000000e-01, 4.38898727e-01},
 {0.00000000e+00, 6.12698600e-01, 7.02873767e-01, 3.08939296e-01,
  5.73200024e-01, 9.60797602e-01, 3.80726330e-01, 4.49983999e-01,
  9.17048021e-01, 3.54751311e-01, 2.07680867e+00, 4.73919278e-01,
  6.22623369e-01, 8.58630478e-01, 4.81534905e-01, 1.40579606e+00,
  6.66557707e+00, 7.67165633e-01, 6.77754679e-01, 4.20072316e-01,
  3.95102106e-01, 7.50000000e-01, 5.55965425e-01, 1.13292384e+00,
  7.50000000e-01, 2.50000000e-01, 7.50000000e-01, 4.25403989e-01},
 {0.00000000e+00, 1.47210399e+00, 1.05798620e+00, 7.38415701e-01,
  9.13504624e-01, 9.50357185e-01, 4.39973597e-01, 9.03596525e-01,
  7.36731740e-01, 4.43163582e-01, 9.31919141e-01, 4.28893743e-01,
  5.98558924e-01, 1.23152924e+00, 7.55503259e-01, 9.65555228e-01,
  7.67165633e-01, 3.84284741e+00, 1.61392097e+00, 5.65223766e-01,
  3.85303035e-01, 7.50000000e-01, 5.57520051e-01, 9.56235816e-01,
  7.50000000e-01, 2.50000000e-01, 7.50000000e-01, 4.34703235e-01},
 {0.00000000e+00, 9.84401956e-01, 8.26250098e-01, 7.40551692e-01,
  6.94789868e-01, 7.41425610e-01, 4.81693683e-01, 5.79271582e-01,
  5.57503254e-01, 7.79816110e-01, 7.92905803e-01, 6.60328975e-01,
  7.93801616e-01, 9.84152635e-01, 6.88897122e-01, 7.91320741e-01,
  6.77754679e-01, 1.61392097e+00, 4.83210516e+00, 9.80943005e-01,
  4.30934144e-01, 7.50000000e-01, 5.73156574e-01, 7.60725140e-01,
  7.50000000e-01, 2.50000000e-01, 7.50000000e-01, 7.08974203e-01},
 {0.00000000e+00, 9.36458396e-01, 3.51280513e-01, 7.55844055e-01,
  3.36500142e-01, 4.28943130e-01, 7.45089738e-01, 3.36954912e-01,
  3.39447442e-01, 2.41751209e+00, 4.56542720e-01, 1.31423573e+00,
  1.26893679e+00, 3.69033853e-01, 4.43082984e-01, 4.66777931e-01,
  4.20072316e-01, 5.65223766e-01, 9.80943005e-01, 3.69215640e+00,
  3.74456332e-01, 7.50000000e-01, 6.58038693e-01, 4.43577702e-01,
  7.50000000e-01, 2.50000000e-01, 7.50000000e-01, 1.76339815e+00},
 {0.00000000e+00, 4.16548781e-01, 2.52855433e-01, 4.49983903e-01,
  2.32102315e-01, 3.74300212e-01, 1.37437942e+00, 4.21690355e-01,
  4.44088955e-01, 4.08874390e-01, 3.58930071e-01, 5.68037074e-01,
  6.10296214e-01, 2.77782896e-01, 2.81833164e-01, 5.09360272e-01,
  3.95102106e-01, 3.85303035e-01, 4.30934144e-01, 3.74456332e-01,
  3.81077833e+01, 7.50000000e-01, 2.10980812e+00, 4.26541694e-01,
  7.50000000e-01, 2.50000000e-01, 7.50000000e-01, 5.03239261e-01},
 {0.00000000e+00, 7.50000000e-01, 7.50000000e-01, 7.50000000e-01,
  7.50000000e-01, 7.50000000e-01, 7.50000000e-01, 7.50000000e-01,
  7.50000000e-01, 7.50000000e-01, 7.50000000e-01, 7.50000000e-01,
  7.50000000e-01, 7.50000000e-01, 7.50000000e-01, 7.50000000e-01,
  7.50000000e-01, 7.50000000e-01, 7.50000000e-01, 7.50000000e-01,
  7.50000000e-01, 7.50000000e-01, 7.50000000e-01, 7.50000000e-01,
  7.50000000e-01, 2.50000000e-01, 7.50000000e-01, 7.50000000e-01},
 {0.00000000e+00, 5.42611869e-01, 4.09444638e-01, 4.34203398e-01,
  3.45683565e-01, 4.96467354e-01, 2.76938063e+00, 3.48714366e-01,
  1.79790413e+00, 6.30388931e-01, 5.32179333e-01, 6.92059423e-01,
  7.08364628e-01, 4.86030806e-01, 3.63521119e-01, 6.11094097e-01,
  5.55965425e-01, 5.57520051e-01, 5.73156574e-01, 6.58038693e-01,
  2.10980812e+00, 7.50000000e-01, 9.83220341e+00, 5.40805192e-01,
  7.50000000e-01, 2.50000000e-01, 7.50000000e-01, 6.66952325e-01},
 {0.00000000e+00, 7.47274948e-01, 1.18382127e+00, 3.16819526e-01,
  1.38195506e+00, 4.08949895e+00, 3.31992746e-01, 5.03463109e-01,
  1.04047242e+00, 3.50796872e-01, 1.40344922e+00, 4.13275887e-01,
  6.41102583e-01, 9.45834265e-01, 6.64534287e-01, 3.58149606e+00,
  1.13292384e+00, 9.56235816e-01, 7.60725140e-01, 4.43577702e-01,
  4.26541694e-01, 7.50000000e-01, 5.40805192e-01, 3.89300249e+00,
  7.50000000e-01, 2.50000000e-01, 7.50000000e-01, 3.87839626e-01},
 {0.00000000e+00, 7.50000000e-01, 7.50000000e-01, 7.50000000e-01,
  7.50000000e-01, 7.50000000e-01, 7.50000000e-01, 7.50000000e-01,
  7.50000000e-01, 7.50000000e-01, 7.50000000e-01, 7.50000000e-01,
  7.50000000e-01, 7.50000000e-01, 7.50000000e-01, 7.50000000e-01,
  7.50000000e-01, 7.50000000e-01, 7.50000000e-01, 7.50000000e-01,
  7.50000000e-01, 7.50000000e-01, 7.50000000e-01, 7.50000000e-01,
  7.50000000e-01, 2.50000000e-01, 7.50000000e-01, 7.50000000e-01},
 {0.00000000e+00, 2.50000000e-01, 2.50000000e-01, 2.50000000e-01,
  2.50000000e-01, 2.50000000e-01, 2.50000000e-01, 2.50000000e-01,
  2.50000000e-01, 2.50000000e-01, 2.50000000e-01, 2.50000000e-01,
  2.50000000e-01, 2.50000000e-01, 2.50000000e-01, 2.50000000e-01,
  2.50000000e-01, 2.50000000e-01, 2.50000000e-01, 2.50000000e-01,
  2.50000000e-01, 2.50000000e-01, 2.50000000e-01, 2.50000000e-01,
  2.50000000e-01, 1.33300000e+00, 2.50000000e-01, 2.50000000e-01},
 {0.00000000e+00, 7.50000000e-01, 7.50000000e-01, 7.50000000e-01,
  7.50000000e-01, 7.50000000e-01, 7.50000000e-01, 7.50000000e-01,
  7.50000000e-01, 7.50000000e-01, 7.50000000e-01, 7.50000000e-01,
  7.50000000e-01, 7.50000000e-01, 7.50000000e-01, 7.50000000e-01,
  7.50000000e-01, 7.50000000e-01, 7.50000000e-01, 7.50000000e-01,
  7.50000000e-01, 7.50000000e-01, 7.50000000e-01, 7.50000000e-01,
  7.50000000e-01, 2.50000000e-01, 7.50000000e-01, 7.50000000e-01},
 {0.00000000e+00, 6.14377313e-01, 3.12208474e-01, 6.46828489e-01,
  3.07946931e-01, 3.55631838e-01, 1.06958025e+00, 2.80638726e-01,
  3.58533474e-01, 2.63222650e+00, 4.15284382e-01, 2.94078574e+00,
  1.78399892e+00, 3.17327197e-01, 3.76634549e-01, 4.38898727e-01,
  4.25403989e-01, 4.34703235e-01, 7.08974203e-01, 1.76339815e+00,
  5.03239261e-01, 7.50000000e-01, 6.66952325e-01, 3.87839626e-01,
  7.50000000e-01, 2.50000000e-01, 7.50000000e-01, 2.81516607e+00}};

void**
_PSIDeallocateMatrix(void** matrix, unsigned int ncols)
{
    unsigned int i = 0;

    if (!matrix)
        return NULL;

    for (i = 0; i < ncols; i++) {
        free(matrix[i]);
    }
    free(matrix);
    return NULL;
}

void**
_PSIAllocateMatrix(unsigned int ncols, unsigned int nrows, 
                   unsigned int data_type_sz)
{
    void** retval = NULL;
    unsigned int i = 0;

    retval = (void**) malloc(sizeof(void*) * ncols);
    if ( !retval ) {
        ASSERT(retval);
        return NULL;
    }

    for (i = 0; i < ncols; i++) {
        retval[i] = (void*) calloc(nrows, data_type_sz);
        if ( !retval[i] ) {
            retval = _PSIDeallocateMatrix(retval, i);
            break;
        }
    }
    return retval;
}

SFreqRatios*
_PSIMatrixFrequencyRatiosFree(SFreqRatios* freq_ratios)
{
    if ( !freq_ratios )
        return NULL;

    if (freq_ratios->data) {
        _PSIDeallocateMatrix((void**) freq_ratios->data, BLASTAA_SIZE);
    }

    free(freq_ratios);
    return NULL;
}

SFreqRatios*
_PSIMatrixFrequencyRatiosNew(const char* matrix_name)
{
    unsigned int i, j;          /* loop indices */
    SFreqRatios* retval = NULL; /* the return value */

    ASSERT(matrix_name);

    retval = (SFreqRatios*) malloc(sizeof(SFreqRatios));
    if ( !retval ) {
        return NULL;
    }

    retval->data = (double**) _PSIAllocateMatrix(BLASTAA_SIZE, BLASTAA_SIZE, 
                                                 sizeof(double));

    if ( !retval->data ) {
        return _PSIMatrixFrequencyRatiosFree(retval);
    }

    for (i = 0; i < BLASTAA_SIZE; i++) {
        for (j = 0; j < BLASTAA_SIZE; j++) {
            retval->data[i][j] = BLOSUM62_FREQRATIOS[i][j];
        }
    }
    retval->bit_scale_factor = 2;

    return retval;
}

static int
s_GetStartFreqRatios(double ** returnRatios,
                     const char *matrixName)
{
    /* Loop indices */
    int i,j;
    /* Frequency ratios for the matrix */
    SFreqRatios * stdFreqRatios = NULL;

    stdFreqRatios = _PSIMatrixFrequencyRatiosNew(matrixName);
    if (stdFreqRatios == NULL) {
        return -1;
    }
    for (i = 0;  i < BLASTAA_SIZE;  i++) {
        for (j = 0;  j < BLASTAA_SIZE;  j++) {
            returnRatios[i][j] = stdFreqRatios->data[i][j];
        }
    }
    stdFreqRatios = _PSIMatrixFrequencyRatiosFree(stdFreqRatios);

    return 0;
}

//#ifndef INT2_MIN
///** smallest (most negative) number represented by signed (two byte) short */
//#define INT2_MIN    (-32768)
//#endif

#define COMPO_SCORE_MIN INT2_MIN

void
Blast_FreqRatioToScore(double ** matrix, int rows, int cols, double Lambda)
{
    int i;
    for (i = 0;  i < rows;  i++) {
        int j;
        for (j = 0;  j < cols;  j++) {
            if (0.0 == matrix[i][j]) {
                matrix[i][j] = COMPO_SCORE_MIN;
            } else {
                matrix[i][j] = log(matrix[i][j])/Lambda;
            }
        }
    }
}

static long Nint(double x)
{
    x += (x >= 0. ? 0.5 : -0.5);
    return (long)x;
}

static void
s_RoundScoreMatrix(int **matrix, int rows, int cols,    
        double **floatScoreMatrix)
{
    int p, c; /*indices over positions and characters*/

    for (p = 0;  p < rows;  p++) {
        for (c = 0;  c < cols;  c++) {
            if (floatScoreMatrix[p][c] < INT_MIN) {
                matrix[p][c] = INT_MIN;
            } else {
                matrix[p][c] = Nint(floatScoreMatrix[p][c]);
            }
        }
    }
}

void
Blast_Int4MatrixFromFreq(int **matrix, int alphsize, 
                         double ** freq, double Lambda)
{
    /* A row of the matrix in double precision */
    double dMatrixStore[COMPO_LARGEST_ALPHABET];
    double * dMatrix[1];
    int i;

    dMatrix[0] = dMatrixStore;

    for (i = 0;  i < alphsize;  i++) {
        memcpy(dMatrix[0], freq[i], alphsize * sizeof(double));
        Blast_FreqRatioToScore(dMatrix, 1, alphsize, Lambda);
        s_RoundScoreMatrix(&matrix[i], 1, alphsize, dMatrix);
    }
}


int
s_MatrixInfoInit(
        Blast_MatrixInfo * self,
        //BLAST_SequenceBlk* queryBlk,
        //BlastScoreBlk* sbp,
        double Lambda,
        double scale_factor
        //const char * matrixName
        )
{
    int status = 0;    /* return status */
    int lenName;       /* length of matrixName as a string */

    /* copy the matrix name (strdup is not standard C) */
    //lenName = strlen(matrixName);
    //if (NULL == (self->matrixName = malloc(lenName + 1))) {
        //return -1;
    //}
    //memcpy(self->matrixName, matrixName, lenName + 1);

    //if (self->positionBased) {
        //status = s_GetPosBasedStartFreqRatios(self->startFreqRatios,
                                              //queryBlk->length,
                                              //queryBlk->sequence,
                                              //matrixName,
                                              //sbp->psi_matrix->freq_ratios);
        //if (status == 0) {
            //status = s_ScalePosMatrix(self->startMatrix, matrixName,
                                      //sbp->psi_matrix->freq_ratios,
                                      //queryBlk->sequence,
                                      //queryBlk->length, sbp, scale_factor);
            //self->ungappedLambda = sbp->kbp_psi[0]->Lambda / scale_factor;
        //}
    //} else 
    {
        self->ungappedLambda = Lambda / scale_factor;
        status = s_GetStartFreqRatios(self->startFreqRatios, "BLOSUM62");
        if (status == 0) {
            Blast_Int4MatrixFromFreq(self->startMatrix, self->cols,
                                     self->startFreqRatios,
                                     self->ungappedLambda);
        }
    }
    return status;
}

int ** Nlm_Int4MatrixNew(int nrows, int ncols)
{
    int i;             /* iteration index */
    int ** mat;     /* the new matrix */

    mat = (int **) calloc(nrows, sizeof(int *));
    if (mat != NULL) {
        mat[0] = (int *) malloc((size_t) nrows *
                                   (size_t) ncols * sizeof(int));
        if (mat[0] != NULL) {
            for (i = 1;  i < nrows;  i++) {
                mat[i] = &mat[0][i * ncols];
            }
        } else {
            free(mat);
            mat = NULL;
        }
    }
    return mat;
}

double **
Nlm_DenseMatrixNew(int nrows,
                   int ncols)
{
    int i;             /* iteration index */
    double ** mat;     /* the new matrix */

    mat = (double **) calloc(nrows, sizeof(double *));
    if (mat != NULL) {
        mat[0] = (double *) malloc((size_t) nrows *
                                   (size_t) ncols * sizeof(double));
        if (mat[0] != NULL) {
            for (i = 1;  i < nrows;  i++) {
                mat[i] = &mat[0][i * ncols];
            }
        } else {
            free(mat);
            mat = NULL;
        }
    }
    return mat;
}

void
Nlm_Int4MatrixFree(int *** mat)
{
    if(*mat != NULL) {
        free((*mat)[0]);
        free(*mat);
    }
    *mat = NULL;
}

void
Nlm_DenseMatrixFree(double *** mat)
{
    if(*mat != NULL) {
        free((*mat)[0]);
        free(*mat);
    }
    *mat = NULL;
}

void Blast_MatrixInfoFree(Blast_MatrixInfo ** ss)
{
    if (*ss != NULL) {
        free((*ss)->matrixName);
        Nlm_Int4MatrixFree(&(*ss)->startMatrix);
        Nlm_DenseMatrixFree(&(*ss)->startFreqRatios);
        free(*ss);
        *ss = NULL;
    }
}

void Blast_MatrixInfoFree2(Blast_MatrixInfo * ss)
{
    if (ss != NULL) {
        free((ss)->matrixName);
        Nlm_Int4MatrixFree(&(ss)->startMatrix);
        Nlm_DenseMatrixFree(&(ss)->startFreqRatios);
        ss = NULL;
    }
}


Blast_MatrixInfo *
Blast_MatrixInfoNew2(Blast_MatrixInfo *ss, int rows, int cols, int positionBased)
{
    int i;       /* loop index */
    //Blast_MatrixInfo * ss = malloc(sizeof(Blast_MatrixInfo));
    if (ss != NULL) {
        ss->rows = rows;
        ss->cols = cols;
        ss->positionBased = positionBased;

        ss->matrixName = NULL;
        ss->startMatrix = NULL;
        ss->startFreqRatios = NULL;

        ss->startMatrix  = Nlm_Int4MatrixNew(rows + 1, cols);
        //ss->startMatrix  = startMatrix;
        if (ss->startMatrix == NULL)
            goto error_return;

        ss->startFreqRatios = Nlm_DenseMatrixNew(rows + 1, cols);
        //ss->startFreqRatios = startFreqRatios;
        if (ss->startFreqRatios == NULL)
            goto error_return;

        for (i = 0;  i < cols;  i++) {
            ss->startMatrix[rows][i] = COMPO_SCORE_MIN;
            ss->startFreqRatios[rows][i] = (double) COMPO_SCORE_MIN;
        }

    }
    goto normal_return;
error_return:
    Blast_MatrixInfoFree(&ss);
normal_return:
    return ss;
}

Blast_MatrixInfo *
Blast_MatrixInfoNew(int rows, int cols, int positionBased)
{
    int i;       /* loop index */
    Blast_MatrixInfo * ss = malloc(sizeof(Blast_MatrixInfo));
    if (ss != NULL) {
        ss->rows = rows;
        ss->cols = cols;
        ss->positionBased = positionBased;

        ss->matrixName = NULL;
        ss->startMatrix = NULL;
        ss->startFreqRatios = NULL;

        ss->startMatrix  = Nlm_Int4MatrixNew(rows + 1, cols);
        if (ss->startMatrix == NULL)
            goto error_return;
        ss->startFreqRatios = Nlm_DenseMatrixNew(rows + 1, cols);

        if (ss->startFreqRatios == NULL)
            goto error_return;
        for (i = 0;  i < cols;  i++) {
            ss->startMatrix[rows][i] = COMPO_SCORE_MIN;
            ss->startFreqRatios[rows][i] = (double) COMPO_SCORE_MIN;
        }

    }
    goto normal_return;
error_return:
    Blast_MatrixInfoFree(&ss);
normal_return:
    return ss;
}
