/* ===========================================================================
 *
 *                            PUBLIC DOMAIN NOTICE
 *               National Center for Biotechnology Information
 *
 *  This software/database is a "United States Government Work" under the
 *  terms of the United States Copyright Act.  It was written as part of
 *  the author's official duties as a United States Government employee and
 *  thus cannot be copyrighted.  This software/database is freely available
 *  to the public for use. The National Library of Medicine and the U.S.
 *  Government have not placed any restriction on its use or reproduction.
 *
 *  Although all reasonable efforts have been taken to ensure the accuracy
 *  and reliability of the software and data, the NLM and the U.S.
 *  Government do not and cannot warrant the performance or results that
 *  may be obtained by using this software or data. The NLM and the U.S.
 *  Government disclaim all warranties, express or implied, including
 *  warranties of performance, merchantability or fitness for any particular
 *  purpose.
 *
 *  Please cite the author in any work or product based on this material.
 *
 * ===========================================================================
 */



#include "blast.h"
#include <limits.h>


#ifdef __cplusplus
extern "C" {
#endif


/* Some characters in the NCBIstdaa alphabet, including ambiguity
   characters, selenocysteine and the stop character. */
enum { eGapChar = 0, eBchar = 2,  eDchar = 4,  eEchar = 5, eIchar = 9,
    eLchar = 11,  eNchar = 13, eQchar = 15, eXchar = 21,
    eZchar = 23,  eSelenocysteine = 24, eStopChar = 25,
    eOchar = 26,  eJchar = 27};

typedef struct Compo_FrequencyData {
    const char * name;   /**< name of the matrix */
    const double (*joint_probs)[COMPO_NUM_TRUE_AA]; /**< joint probabilities */
    const double * background; /**< background frequencies */
} Compo_FrequencyData;

#define NUM_SUPPORTED_MATRICES 8

static const double
BLOSUM62_JOINT_PROBS[COMPO_NUM_TRUE_AA][COMPO_NUM_TRUE_AA] =
{
  {2.1497573378347484e-02, 2.3470224274721213e-03, 1.9493235258876179e-03,
   2.1674844853066858e-03, 1.5903351423026848e-03, 1.9242657898716525e-03,
   2.9879059292799641e-03, 5.8158526388051033e-03, 1.1076584657559144e-03,
   3.1880644746334580e-03, 4.4186245468471547e-03, 3.3466571942021082e-03,
   1.3412107617355408e-03, 1.6360627863999076e-03, 2.1568959784943114e-03,
   6.2524987419815400e-03, 3.7180506975672363e-03, 4.0281679108936688e-04,
   1.2999956675626666e-03, 5.0679056444508912e-03},
  {2.3470224274721213e-03, 1.7757465118386322e-02, 1.9786027128591904e-03,
   1.5865480081162602e-03, 3.9365984789376245e-04, 2.4858611089731411e-03,
   2.6933867548771758e-03, 1.7221140903704937e-03, 1.2407382229440791e-03,
   1.2435878276496955e-03, 2.4193952633248727e-03, 6.2339060289407083e-03,
   8.0309461712520876e-04, 9.3181986323789834e-04, 9.5783034332718700e-04,
   2.2660898636037261e-03, 1.7802796534180537e-03, 2.6571979312581875e-04,
   9.2634607111251918e-04, 1.5810185245264004e-03},
  {1.9493235258876179e-03, 1.9786027128591904e-03, 1.4140291972553610e-02,
   3.7201973506001745e-03, 4.3845466068066216e-04, 1.5304436972610567e-03,
   2.2097156829738759e-03, 2.8591871815612977e-03, 1.4301072616183181e-03,
   9.9437221166923172e-04, 1.3690958423974782e-03, 2.4402105140841090e-03,
   5.2943633069226512e-04, 7.5004227978192801e-04, 8.6016459857770028e-04,
   3.1466019144814608e-03, 2.2360795375444384e-03, 1.6159545671597605e-04,
   7.0048422794024819e-04, 1.2014015528772706e-03},
  {2.1674844853066858e-03, 1.5865480081162602e-03, 3.7201973506001745e-03,
   2.1274574617480089e-02, 3.9909227141697264e-04, 1.6481246723433428e-03,
   4.9158017471929655e-03, 2.5221102126636373e-03, 9.5384849402143984e-04,
   1.2347404942429857e-03, 1.5202051791453383e-03, 2.4453087721980561e-03,
   4.6429229320514104e-04, 7.6023722413111566e-04, 1.2373315413524663e-03,
   2.8035127901697272e-03, 1.8961512776990257e-03, 1.6218020183662784e-04,
   5.9842263937853702e-04, 1.3158365660538270e-03},
  {1.5903351423026848e-03, 3.9365984789376245e-04, 4.3845466068066216e-04,
   3.9909227141697264e-04, 1.1931352277704348e-02, 3.0937204045913537e-04,
   3.8338775043186374e-04, 7.6951976030099293e-04, 2.2976387481074697e-04,
   1.0956590131781735e-03, 1.5682982157153873e-03, 5.0124929379033781e-04,
   3.7717165634097634e-04, 5.1389991547056834e-04, 3.6111795849154795e-04,
   1.0432626586831986e-03, 9.3041313726939057e-04, 1.4474923964368156e-04,
   3.4603772624580643e-04, 1.3606607271146112e-03},
  {1.9242657898716525e-03, 2.4858611089731411e-03, 1.5304436972610567e-03,
   1.6481246723433428e-03, 3.0937204045913537e-04, 7.3292255467189687e-03,
   3.5385780499965817e-03, 1.3683038039160171e-03, 1.0489026828741754e-03,
   8.9102936026571569e-04, 1.6174411456311808e-03, 3.0968229715707327e-03,
   7.3993258722701268e-04, 5.4255147972143906e-04, 8.4668181752066874e-04,
   1.8931125300036275e-03, 1.3796838284921874e-03, 2.2737931366728891e-04,
   6.7584155312457842e-04, 1.1660966117775285e-03},
  {2.9879059292799641e-03, 2.6933867548771758e-03, 2.2097156829738759e-03,
   4.9158017471929655e-03, 3.8338775043186374e-04, 3.5385780499965817e-03,
   1.6133927472163669e-02, 1.9380952488713059e-03, 1.3667885452189439e-03,
   1.2192061706431622e-03, 2.0030316026648431e-03, 4.1322603720305197e-03,
   6.7909745467514783e-04, 8.5179405867513139e-04, 1.4216207127018586e-03,
   2.9539180653600089e-03, 2.0493063257644955e-03, 2.6488552587183780e-04,
   8.7044186256788659e-04, 1.6987763526262680e-03},
  {5.8158526388051033e-03, 1.7221140903704937e-03, 2.8591871815612977e-03,
   2.5221102126636373e-03, 7.6951976030099293e-04, 1.3683038039160171e-03,
   1.9380952488713059e-03, 3.7804346453413303e-02, 9.5813607255887238e-04,
   1.3849118546156933e-03, 2.0864716056392773e-03, 2.5392537741810947e-03,
   7.3281559749652399e-04, 1.1976708695723554e-03, 1.3641171883713547e-03,
   3.8342830901664762e-03, 2.1858459940987062e-03, 4.0740829083805248e-04,
   8.3467413018106177e-04, 1.8218235950233687e-03},
  {1.1076584657559144e-03, 1.2407382229440791e-03, 1.4301072616183181e-03,
   9.5384849402143984e-04, 2.2976387481074697e-04, 1.0489026828741754e-03,
   1.3667885452189439e-03, 9.5813607255887238e-04, 9.2802502369336622e-03,
   5.8089627083019206e-04, 9.8696608463236094e-04, 1.1873625842258938e-03,
   3.8264639620910225e-04, 8.1041076335565583e-04, 4.7770135861914477e-04,
   1.1052034635193162e-03, 7.4371746073077327e-04, 1.5168037757411286e-04,
   1.5213771111755425e-03, 6.4882907765797669e-04},
  {3.1880644746334580e-03, 1.2435878276496955e-03, 9.9437221166923172e-04,
   1.2347404942429857e-03, 1.0956590131781735e-03, 8.9102936026571569e-04,
   1.2192061706431622e-03, 1.3849118546156933e-03, 5.8089627083019206e-04,
   1.8441526588740136e-02, 1.1382470627796603e-02, 1.5655862274689192e-03,
   2.5081290988482057e-03, 3.0458868657559346e-03, 1.0068164685944146e-03,
   1.7225081689171561e-03, 2.6953622613315018e-03, 3.6183761166072852e-04,
   1.3821121844492116e-03, 1.1972663837662637e-02},
  {4.4186245468471547e-03, 2.4193952633248727e-03, 1.3690958423974782e-03,
   1.5202051791453383e-03, 1.5682982157153873e-03, 1.6174411456311808e-03,
   2.0030316026648431e-03, 2.0864716056392773e-03, 9.8696608463236094e-04,
   1.1382470627796603e-02, 3.7141460156350926e-02, 2.4634345023228079e-03,
   4.9293545515183088e-03, 5.4151301166464015e-03, 1.4146090399381900e-03,
   2.4277107072013821e-03, 3.3238031308707055e-03, 7.3206640617832933e-04,
   2.2096734692836624e-03, 9.4786263030457313e-03},
  {3.3466571942021082e-03, 6.2339060289407083e-03, 2.4402105140841090e-03,
   2.4453087721980561e-03, 5.0124929379033781e-04, 3.0968229715707327e-03,
   4.1322603720305197e-03, 2.5392537741810947e-03, 1.1873625842258938e-03,
   1.5655862274689192e-03, 2.4634345023228079e-03, 1.6113385590544604e-02,
   9.0876633395557617e-04, 9.4875149773685364e-04, 1.5773020912564391e-03,
   3.1016069999481111e-03, 2.3467014804084987e-03, 2.7198500003555514e-04,
   9.9908866586876396e-04, 1.9360424083099779e-03},
  {1.3412107617355408e-03, 8.0309461712520876e-04, 5.2943633069226512e-04,
   4.6429229320514104e-04, 3.7717165634097634e-04, 7.3993258722701268e-04,
   6.7909745467514783e-04, 7.3281559749652399e-04, 3.8264639620910225e-04,
   2.5081290988482057e-03, 4.9293545515183088e-03, 9.0876633395557617e-04,
   4.0477309321969848e-03, 1.1901770463553603e-03, 4.0824445213456919e-04,
   8.5603787638552766e-04, 1.0095451907679563e-03, 1.9872537223131380e-04,
   5.7145288352831449e-04, 2.3123361470140736e-03},
  {1.6360627863999076e-03, 9.3181986323789834e-04, 7.5004227978192801e-04,
   7.6023722413111566e-04, 5.1389991547056834e-04, 5.4255147972143906e-04,
   8.5179405867513139e-04, 1.1976708695723554e-03, 8.1041076335565583e-04,
   3.0458868657559346e-03, 5.4151301166464015e-03, 9.4875149773685364e-04,
   1.1901770463553603e-03, 1.8277684015431908e-02, 5.2528021756783813e-04,
   1.1939618185901600e-03, 1.1624184369750680e-03, 8.4917468952377874e-04,
   4.2392005745634370e-03, 2.5763052227920180e-03},
  {2.1568959784943114e-03, 9.5783034332718700e-04, 8.6016459857770028e-04,
   1.2373315413524663e-03, 3.6111795849154795e-04, 8.4668181752066874e-04,
   1.4216207127018586e-03, 1.3641171883713547e-03, 4.7770135861914477e-04,
   1.0068164685944146e-03, 1.4146090399381900e-03, 1.5773020912564391e-03,
   4.0824445213456919e-04, 5.2528021756783813e-04, 1.9066033679132538e-02,
   1.6662567934883051e-03, 1.3511005665728870e-03, 1.4152209821874487e-04,
   4.5224391125285910e-04, 1.2451325046931832e-03},
  {6.2524987419815400e-03, 2.2660898636037261e-03, 3.1466019144814608e-03,
   2.8035127901697272e-03, 1.0432626586831986e-03, 1.8931125300036275e-03,
   2.9539180653600089e-03, 3.8342830901664762e-03, 1.1052034635193162e-03,
   1.7225081689171561e-03, 2.4277107072013821e-03, 3.1016069999481111e-03,
   8.5603787638552766e-04, 1.1939618185901600e-03, 1.6662567934883051e-03,
   1.2585947097159817e-02, 4.7004857686835334e-03, 2.8731729176487776e-04,
   1.0299846310599138e-03, 2.3587292053265561e-03},
  {3.7180506975672363e-03, 1.7802796534180537e-03, 2.2360795375444384e-03,
   1.8961512776990257e-03, 9.3041313726939057e-04, 1.3796838284921874e-03,
   2.0493063257644955e-03, 2.1858459940987062e-03, 7.4371746073077327e-04,
   2.6953622613315018e-03, 3.3238031308707055e-03, 2.3467014804084987e-03,
   1.0095451907679563e-03, 1.1624184369750680e-03, 1.3511005665728870e-03,
   4.7004857686835334e-03, 1.2514818886617953e-02, 2.8575770858467209e-04,
   9.4161039895612720e-04, 3.6402328079338207e-03},
  {4.0281679108936688e-04, 2.6571979312581875e-04, 1.6159545671597605e-04,
   1.6218020183662784e-04, 1.4474923964368156e-04, 2.2737931366728891e-04,
   2.6488552587183780e-04, 4.0740829083805248e-04, 1.5168037757411286e-04,
   3.6183761166072852e-04, 7.3206640617832933e-04, 2.7198500003555514e-04,
   1.9872537223131380e-04, 8.4917468952377874e-04, 1.4152209821874487e-04,
   2.8731729176487776e-04, 2.8575770858467209e-04, 6.4699301717154852e-03,
   8.8744160259272527e-04, 3.5578318710317554e-04},
  {1.2999956675626666e-03, 9.2634607111251918e-04, 7.0048422794024819e-04,
   5.9842263937853702e-04, 3.4603772624580643e-04, 6.7584155312457842e-04,
   8.7044186256788659e-04, 8.3467413018106177e-04, 1.5213771111755425e-03,
   1.3821121844492116e-03, 2.2096734692836624e-03, 9.9908866586876396e-04,
   5.7145288352831449e-04, 4.2392005745634370e-03, 4.5224391125285910e-04,
   1.0299846310599138e-03, 9.4161039895612720e-04, 8.8744160259272527e-04,
   1.0246100213822419e-02, 1.5489827890922993e-03},
  {5.0679056444508912e-03, 1.5810185245264004e-03, 1.2014015528772706e-03,
   1.3158365660538270e-03, 1.3606607271146112e-03, 1.1660966117775285e-03,
   1.6987763526262680e-03, 1.8218235950233687e-03, 6.4882907765797669e-04,
   1.1972663837662637e-02, 9.4786263030457313e-03, 1.9360424083099779e-03,
   2.3123361470140736e-03, 2.5763052227920180e-03, 1.2451325046931832e-03,
   2.3587292053265561e-03, 3.6402328079338207e-03, 3.5578318710317554e-04,
   1.5489827890922993e-03, 1.9631915140537640e-02}};


static const double
BLOSUM62_bg[COMPO_NUM_TRUE_AA] =
{7.4216205067993410e-02, 5.1614486141284638e-02, 4.4645808512757915e-02,
 5.3626000838554413e-02, 2.4687457167944848e-02, 3.4259650591416023e-02,
 5.4311925684587502e-02, 7.4146941452644999e-02, 2.6212984805266227e-02,
 6.7917367618953756e-02, 9.8907868497150955e-02, 5.8155682303079680e-02,
 2.4990197579643110e-02, 4.7418459742284751e-02, 3.8538003320306206e-02,
 5.7229029476494421e-02, 5.0891364550287033e-02, 1.3029956129972148e-02,
 3.2281512313758580e-02, 7.2919098205619245e-02};


#define MATRIX_DATA(MAT) \
    { #MAT, MAT##_JOINT_PROBS, MAT##_bg }

static Compo_FrequencyData
s_FrequencyData[NUM_SUPPORTED_MATRICES] =
{
    MATRIX_DATA(BLOSUM62),
};

static Compo_FrequencyData *
s_LocateFrequencyData(const char * matrix) 
{
    return &s_FrequencyData[0];
}


const double *
Blast_GetMatrixBackgroundFreq(const char *matrix_name)
{
    Compo_FrequencyData * data = s_LocateFrequencyData(matrix_name);
    if (NULL != data) {
        return data->background;
    } else {
        fprintf(stderr, "matrix %s is not supported "
                "for RE based adjustment\n", matrix_name);
        return NULL;
    }
}

double
Blast_GetRelativeEntropy(const double A[], const double B[])
{
    int i;                 /* loop index over letters */
    double temp;           /* intermediate term */
    double value = 0.0;    /* square of relative entropy */

    for (i = 0;  i < COMPO_NUM_TRUE_AA;  i++) {
        temp = (A[i] + B[i]) / 2;
        if (temp > 0) {
            if (A[i] > 0) {
                value += A[i] * log(A[i] / temp) / 2;
            }
            if (B[i] > 0) {
                value += B[i] * log(B[i] / temp) / 2;
            }
        }
    }
    if (value < 0) {             /* must be numerical rounding error */
        value = 0;
    }
    return sqrt(value);
}

#define HALF_CIRCLE_DEGREES 180
#define PI 3.1415926543
#define QUERY_MATCH_DISTANCE_THRESHOLD 0.16
#define LENGTH_RATIO_THRESHOLD 3.0
#define ANGLE_DEGREE_THRESHOLD 70.0
#define HIGH_PAIR_THRESHOLD 0.4
#define LENGTH_LOWER_THRESHOLD 50

static int
s_HighPairFrequencies(const double * letterProbs, int length)
{
    int i; /*index*/
    double max, second; /*two highest letter probabilities*/

    if (length <= LENGTH_LOWER_THRESHOLD) {
        return FALSE;
    }
    max = 0;
    second = 0;
    for (i = 0;  i < COMPO_NUM_TRUE_AA;  i++) {
        if (letterProbs[i] > second) {
            second = letterProbs[i];
            if (letterProbs[i] > max) {
                second = max;
                max = letterProbs[i];
            }
        }
    }
    return (max + second) > HIGH_PAIR_THRESHOLD;
}


static int
s_HighPairEitherSeq(const double * P_query, int length1,
                    const double * P_match, int length2)
{
    int result1, result2;

    result1 = s_HighPairFrequencies(P_query, length1);
    result2 = s_HighPairFrequencies(P_match, length2);

    return result1 || result2;
}

static EMatrixAdjustRule
s_TestToApplyREAdjustmentConditional(int Len_query,
                                     int Len_match,
                                     const double * P_query,
                                     const double * P_match,
                                     const char *matrix_name)
{
    EMatrixAdjustRule which_rule; /* which relative entropy mode to
                                     return */
    int i;                       /* loop indices */
    double p_query[COMPO_NUM_TRUE_AA];
    double p_match[COMPO_NUM_TRUE_AA]; /*letter probabilities
                                                for query and match*/
    const double *p_matrix;       /* letter probabilities used in
                                     constructing matrix name*/
    double D_m_mat, D_q_mat, D_m_q;  /* distances between match and
                                        original between query and
                                        original between match and
                                        query*/
    double corr_factor = 0.0;     /* correlation between how p_query
                                     and p_match deviate from p_matrix
                                     */
    double len_q, len_m;          /* lengths of query and matching
                                     sequence in floating point */
    double len_large, len_small;  /* store the larger and smaller of
                                     len_q and len_m */
    double angle;                 /* angle between query and match
                                     probabilities */

    p_matrix = Blast_GetMatrixBackgroundFreq(matrix_name);

    for (i = 0;  i < COMPO_NUM_TRUE_AA;  i++) {
        p_query[i] = P_query[i];
        p_match[i] = P_match[i];
        corr_factor +=
            (p_query[i] - p_matrix[i]) * (p_match[i] - p_matrix[i]);
    }
    D_m_mat = Blast_GetRelativeEntropy(p_match, p_matrix);
    D_q_mat = Blast_GetRelativeEntropy(p_query, p_matrix);
    D_m_q   = Blast_GetRelativeEntropy(p_match, p_query);

    angle =
        acos((D_m_mat * D_m_mat + D_q_mat * D_q_mat -
              D_m_q * D_m_q) / 2.0 / D_m_mat / D_q_mat);
    /* convert from radians to degrees */
    angle = angle * HALF_CIRCLE_DEGREES / PI;

    len_q = 1.0 * Len_query;
    len_m = 1.0 * Len_match;
    if (len_q > len_m) {
        len_large = len_q;
        len_small = len_m;
    } else {
        len_large = len_m;
        len_small = len_q;
    }
    if (s_HighPairEitherSeq(P_query, Len_query, P_match, Len_match)) {
        which_rule = eUserSpecifiedRelEntropy;
    } else {
      if ((D_m_q > QUERY_MATCH_DISTANCE_THRESHOLD) &&
        (len_large / len_small > LENGTH_RATIO_THRESHOLD) &&
        (angle > ANGLE_DEGREE_THRESHOLD)) {
        which_rule = eCompoScaleOldMatrix;
      } else {
        which_rule = eUserSpecifiedRelEntropy;
      }
    }
    return which_rule;
}


EMatrixAdjustRule
Blast_ChooseMatrixAdjustRule(int length1,
                             int length2,
                             const double * probArray1,
                             const double * probArray2,
                             const char *matrixName,
                             ECompoAdjustModes composition_adjust_mode)
{
    int testFunctionIndex = (int) composition_adjust_mode;

    return
        s_TestToApplyREAdjustmentConditional(length1,    length2,
                                      probArray1, probArray2, matrixName);
}


static int alphaConvert[COMPO_LARGEST_ALPHABET] =
  {(-1), 0, (-1),  4, 3, 6, 13, 7, 8, 9, 11, 10, 12, 2, 14, 5, 1, 15,
   16, 19, 17, (-1), 18, (-1), (-1), (-1), (-1), (-1)};


static void
s_GatherLetterProbs(double * outputLetterProbs,
                    const double * inputLetterProbs, int alphsize)
{
    int c; /*index over characters*/

    for (c = 0;  c < alphsize;  c++) {
        if ((-1) != alphaConvert[c]) {
            outputLetterProbs[alphaConvert[c]] = inputLetterProbs[c];
        }
    }
}


void
Blast_CalcFreqRatios(double ** ratios, int alphsize,
                     double row_prob[], double col_prob[])
{
    int i, j;
    for (i = 0;  i < alphsize;  i++) {
        if (row_prob[i] > 0) {
            for (j = 0;  j < alphsize;  j++) {
                if (col_prob[j] > 0) {
                    ratios[i][j] /= (row_prob[i] * col_prob[j]);
                }
            }
        }
    }
}

#define COMPO_SCORE_MIN INT2_MIN

void
Blast_CalcLambdaFullPrecision(double * plambda, int *piterations,
                              double **score, int alphsize,
                              const double row_prob[],
                              const double col_prob[],
                              double lambda_tolerance,
                              double function_tolerance,
                              int max_iterations)
{
    double f = 4;               /* The current function value; initially
                                   set to a value greater than any possible
                                   real value of f */
    double left = 0, right = 1; /* (left, right) is an interval containing
                                   a solution */
    double x = 0.367879441171;  /* The current iterate; initially exp(-1) */
    int is_newton = 0;          /* true if the last iteration was a Newton
                                   step; initially false */
    int i, j, k;                /* iteration indices */
    /* maximum score that occurs with nonzero probability */
    double max_score = COMPO_SCORE_MIN;
    /* average score */
    double avg_score = 0.0;

    /* Find the maximum score with nonzero probability */
    for (i = 0;  i < alphsize;  i++) {
        if (row_prob[i] == 0.0) {
            continue;
        }
        for (j = 0;  j < alphsize;  j++) {
            if (col_prob[j] == 0.0) {
                continue;
            }
            if (max_score < score[i][j]) {
                max_score = score[i][j];
            }
            avg_score += row_prob[i] * col_prob[j] * score[i][j];
        }
    }
    if (max_score <= 0.0 || avg_score >= 0) { 
        /* The iteration cannot converge if max_score is nonpositive
         * or the average score is nonnegative; lambda doesn't exist */
        *piterations = max_iterations;
        *plambda = -1.0;
        return;
    }
    for (k = 0;  k < max_iterations;  k++) {
        double slope;               /* slope of f at x */
        double fold = f;            /* previous value of f */
        double x_pow_max_score;     /* x raised to the power max_score */
        double lambda = -log(x);    /* the iterate lambda, see above */
        int was_newton = is_newton; /* true if the previous iteration
                                       was a Newton step; instead of a
                                       bisection step */
        /* Evaluate the function and its derivative */
        x_pow_max_score = exp(-max_score * lambda);
        f = -x_pow_max_score;
        slope = max_score * f / x;
        for (i = 0;  i < alphsize;  i++) {
            if (row_prob[i] == 0.0) {
                continue;
            }
            for (j = 0;  j < alphsize;  j++) {
                double ff;  /* a term in the sum used to compute f */

               if (col_prob[j] == 0.0) {
                   continue;
               }
               if (max_score != score[i][j]) {
                   double diff_score = max_score - score[i][j];

                   ff = row_prob[i] * col_prob[j] * exp(-lambda * diff_score);
                   slope += diff_score * ff / x;
               } else {
                   ff = row_prob[i] * col_prob[j];
               }
               f += ff;
            }
        }
        /* Finished evaluating the function and its derivative */
        if (f > 0) {
            left = x; /* move the left endpoint */
        } else if (f < 0) {
            right = x; /* move the right endpoint */
        } else { /* f == 0 */
            break; /* x is an exact solution */
        }
        if (right - left <= 2 * left * (1 - right) * lambda_tolerance &&
            fabs(f/x_pow_max_score) <= function_tolerance) {
            /* The midpoint of the interval converged */
            x = (left + right) / 2;
            break;
        }
        if ((was_newton && fabs(f) > .9 * fabs(fold))
            /* if the previous iteration was a Newton step but didn't
             * decrease f sufficiently; or */
             || slope >= 0
             /* if a Newton step will move us away from the desired solution */
        ) {/* then */
            x = (left + right)/2;  /* bisect */
        } else {
            double p = -f/slope;   /* The Newton step */
            double y = x + p;      /* The proposed next iterate */
            if (y <= left || y >= right) { /* The proposed iterate is
                                              not in (left,right) */
                x = (left + right)/2;  /* bisect */
            } else {/* The proposed iterate is in (left,right). Accept it. */
                is_newton = 1;
                x = y;
                if (fabs(p) <= lambda_tolerance * x * (1-x) &&
                    fabs(f/x_pow_max_score) <= function_tolerance) break;
            }
        }
    }  /* End for all iterations k */
    *plambda = (k < max_iterations) ? -log(x) : -1.0;
    *piterations = k;
} 

/** iteration limit for Newton's method for computing Lambda */
static const int kLambdaIterationLimit = 100;
/** bound on error for estimating lambda */
static const double kLambdaErrorTolerance = 0.0000001;
/** bound on the difference between the expected value of
 *  exp(lambda x S) and 1 */
static const double kLambdaFunctionTolerance = 0.00001;

double
Blast_MatrixEntropy(double ** matrix, int alphsize, const double row_prob[],
                    const double col_prob[], double Lambda)
{
    int i, j;
    double entropy = 0.0;
    for (i = 0;  i < alphsize;  i++) {
        for (j = 0;  j < alphsize;  j++) {
            /* the score at (i,j), rescaled to nats */
            double nat_score = Lambda * matrix[i][j];
            entropy += nat_score * exp(nat_score) * row_prob[i] * col_prob[j];
        }
    }
    return entropy;
}

//void
//Nlm_DenseMatrixFree(double *** mat)
//{
    //if(*mat != NULL) {
        //free((*mat)[0]);
        //free(*mat);
    //}
    //*mat = NULL;
//}

int
Blast_EntropyOldFreqNewContext(double * entropy,
                               double * Lambda,
                               int * iter_count,
                               double ** target_freq,
                               const double row_prob[],
                               const double col_prob[])
{
    /* iteration indices */
    int i, j;
    /* Status flag; will be set to zero on success */
    int status = 1;
    /* A matrix of scores in the context consistent with the target 
     * frequencies */
    double  **scores;
    /* Row and column probabilities consistent with the target
     * frequencies; the old context */
    double old_col_prob[COMPO_NUM_TRUE_AA] = {0.0,};
    double old_row_prob[COMPO_NUM_TRUE_AA] = {0.0,};

    *entropy = 0;
    status = 1;

    /* Calculate the matrix "scores" from the target frequencies */
    scores = Nlm_DenseMatrixNew(COMPO_NUM_TRUE_AA, COMPO_NUM_TRUE_AA);
    if (scores == NULL) {
        return -1;
    }
    for (i = 0;  i < COMPO_NUM_TRUE_AA;  i++) {
        for (j = 0;  j < COMPO_NUM_TRUE_AA; j++) {
            old_row_prob[i] += target_freq[i][j];
            old_col_prob[j] += target_freq[i][j];
        }
    }
    for (i = 0;  i < COMPO_NUM_TRUE_AA;  i++) {
        memcpy(scores[i], target_freq[i], COMPO_NUM_TRUE_AA * sizeof(double));
    }
    Blast_CalcFreqRatios(scores, COMPO_NUM_TRUE_AA,
                         old_row_prob, old_col_prob);
    Blast_FreqRatioToScore(scores, COMPO_NUM_TRUE_AA, COMPO_NUM_TRUE_AA, 1.0);
    /* Finished calculating the matrix "scores" */

    Blast_CalcLambdaFullPrecision(Lambda, iter_count, scores,
                                  COMPO_NUM_TRUE_AA, row_prob,
                                  col_prob, kLambdaErrorTolerance,
                                  kLambdaFunctionTolerance,
                                  kLambdaIterationLimit);
    if (*iter_count <  kLambdaIterationLimit) {
        *entropy = Blast_MatrixEntropy(scores, COMPO_NUM_TRUE_AA,
                                       row_prob, col_prob, *Lambda);
        status = 0;
    }
    Nlm_DenseMatrixFree(&scores);
    return status;
}

double
Blast_TargetFreqEntropy(double ** target_freq)
{
    int i, j;          /* iteration indices */
    double entropy;    /* the entropy to be returned */
    /* Row probabilities consistent with the target frequencies */
    double row_prob[COMPO_NUM_TRUE_AA] = {0,};
    double col_prob[COMPO_NUM_TRUE_AA] = {0,};

    for (i = 0;  i < COMPO_NUM_TRUE_AA;  i++) {
        for (j = 0;  j < COMPO_NUM_TRUE_AA;  j++) {
            row_prob[i] += target_freq[i][j];
            col_prob[j] += target_freq[i][j];
        }
    }
    entropy = 0.0;
    for (i = 0;  i < COMPO_NUM_TRUE_AA;  i++) {
        for (j = 0;  j < COMPO_NUM_TRUE_AA;  j++) {
            double freq = target_freq[i][j];
            entropy += freq * log(freq / row_prob[i] / col_prob[j]);
        }
    }
    return entropy;
}

void
Blast_ApplyPseudocounts(double * probs20,
                    int number_of_observations,
                    const double * background_probs20,
                    int pseudocounts)
{
    int i;                 /* loop index */
    double weight;         /* weight assigned to pseudocounts */
    double sum;            /* sum of the observed frequencies */
    /* pseudocounts as a double */
    double dpseudocounts = pseudocounts;

    /* Normalize probabilities */
    sum = 0.0;
    for (i = 0;  i < COMPO_NUM_TRUE_AA;  i++) {
        sum += probs20[i];
    }
    if (sum == 0.0) {  /* Can't normalize a zero vector */
        sum = 1.0;
    }
    weight = dpseudocounts / (number_of_observations + dpseudocounts);
    for (i = 0;  i < COMPO_NUM_TRUE_AA;  i++) {
        probs20[i] = (1.0 - weight) * probs20[i] / sum
            + weight * background_probs20[i];
    }
}

double **
Nlm_LtriangMatrixNew(int n)
{
    int i;                      /* iteration index */
    double ** L;                /* the new, lower triangular matrix */
    size_t nelts;               /* the number of elements in
                                   the matrix */
    nelts = ((size_t) n * (n + 1))/2;

    L    = (double**) calloc(n, sizeof(double *));
    if (L != NULL) {
        L[0] = (double*) malloc(nelts * sizeof(double));
        if (L[0] != NULL) {
            for (i = 1;  i < n;  i++) {
                L[i] = L[i - 1] + i;
            }
        } else {
            free(L);
            L = NULL;
        }
    }
    return L;
}

void
ReNewtonSystemFree(ReNewtonSystem ** newton_system)
{
    if (*newton_system != NULL) {
        Nlm_DenseMatrixFree(&(*newton_system)->W);

        free((*newton_system)->Dinv);
        (*newton_system)->Dinv = NULL;

        free((*newton_system)->grad_re);
        (*newton_system)->grad_re = NULL;

        free(*newton_system);
        *newton_system = NULL;
    }
}

ReNewtonSystem * ReNewtonSystemNew(int alphsize)
{
    ReNewtonSystem * newton_system;  /* the new ReNewtonSystem */

    newton_system = (ReNewtonSystem *) malloc(sizeof(ReNewtonSystem));
    if (newton_system != NULL) {
        newton_system->alphsize = alphsize;
        newton_system->constrain_rel_entropy = 1;
        newton_system->W = NULL;
        newton_system->Dinv = NULL;
        newton_system->grad_re = NULL;

        newton_system->W = Nlm_LtriangMatrixNew(2 * alphsize);
        if (newton_system->W == NULL)
            goto error_return;
        newton_system->Dinv =
            (double *) malloc(alphsize * alphsize * sizeof(double));
        if (newton_system->Dinv == NULL)
            goto error_return;
        newton_system->grad_re =
            (double *) malloc(alphsize * alphsize * sizeof(double));
        if (newton_system->grad_re == NULL)
            goto error_return;
    }
    goto normal_return;
error_return:
    ReNewtonSystemFree(&newton_system);
normal_return:

    return newton_system;
}

static void
ComputeScoresFromProbs(double scores[],
                       int alphsize,
                       const double target_freqs[],
                       const double row_freqs[],
                       const double col_freqs[])
{
    int i, j;     /* iteration indices over characters in the alphabet */
    int k;        /* index into scores and target_freqs */

    for (i = 0;  i < alphsize;  i++) {
        for (j = 0;  j < alphsize;  j++) {
            k = i * alphsize + j;

            scores[k] = log(target_freqs[k] / (row_freqs[i] * col_freqs[j]));
        }
    }
}

static void
EvaluateReFunctions(double values[], double ** grads, int alphsize,
                    const double x[], const double q[],
                    const double scores[],
                    int constrain_rel_entropy)
{
    int k;         /* iteration index over elements of x, q and scores */
    double temp;   /* holds intermediate values in a computation */

    values[0] = 0.0; values[1] = 0.0;
    for (k = 0;  k < alphsize * alphsize;  k++) {
        temp = log(x[k] / q[k]);

        values[0]   += x[k] * temp;
        grads[0][k]  = temp + 1;

        if (constrain_rel_entropy) {
            temp += scores[k];

            values[1]   += x[k] * temp;
            grads[1][k]  = temp + 1;
        }
    }
}

double
Nlm_EuclideanNorm(const double v[], int n)
{
    double sum   = 1.0;   /* sum of squares of elements in v */
    double scale = 0.0;   /* a scale factor for the elements in v */
    int i;                /* iteration index */

    for (i = 0;  i < n;  i++) {
        if (v[i] != 0.0) {
            double absvi = fabs(v[i]);
            if (scale < absvi) {
                sum = 1.0 + sum * (scale/absvi) * (scale/absvi);
                scale = absvi;
            } else {
                sum += (absvi/scale) * (absvi/scale);
            }
        }
    }
    return scale * sqrt(sum);
}

static void
MultiplyByAtranspose(double beta, double y[], int alphsize,
                     double alpha, const double x[])
{
    int i, j;     /* iteration indices over characters in the alphabet */
    int k;        /* index of a row of A transpose (a column of A); also
                      an index into y */

    if (beta == 0.0) {
        /* Initialize y to zero, without reading any elements from y */
        for (k = 0;  k < alphsize * alphsize;  k++) {
            y[k] = 0.0;
        }
    } else if (beta != 1.0) {
        /* rescale y */
        for (k = 0;  k < alphsize * alphsize;  k++) {
            y[k] *= beta;
        }
    }
    for (i = 0;  i < alphsize;  i++) {
        for (j = 0;  j < alphsize;  j++) {
            k = i * alphsize + j;

            y[k] += alpha * x[j];
            if (i > 0) {
                y[k] += alpha * x[i + alphsize - 1];
            }
        }
    }
}


static void
DualResiduals(double resids_x[], int alphsize, double ** grads,
              const double z[], int constrain_rel_entropy)
{
    int i;                        /* iteration index */
    int n = alphsize * alphsize;  /* size of resids_x */

    if (constrain_rel_entropy) {
        double eta;                /* dual variable for the relative
                                      entropy constraint */
        eta = z[2 * alphsize - 1];
        for (i = 0;  i < n;  i++) {
            resids_x[i] = -grads[0][i] + eta * grads[1][i];
        }
    } else {
        for (i = 0;  i < n;  i++) {
            resids_x[i] = -grads[0][i];
        }
    }
    MultiplyByAtranspose(1.0, resids_x, alphsize, 1.0, z);
}

static void
MultiplyByA(double beta, double y[], int alphsize,
            double alpha, const double x[])
{
    int i, j;     /* iteration indices over characters in the alphabet */
    if (beta == 0.0) {
        /* Initialize y to zero, without reading any elements from y */
        for (i = 0;  i < 2 * alphsize - 1;  i++) {
            y[i] = 0.0;
        }
    } else if (beta != 1.0) {
        /* rescale y */
        for (i = 0;  i < 2 * alphsize - 1;  i++) {
            y[i] *= beta;
        }
    }
    for (i = 0;  i < alphsize;  i++) {
        for (j = 0;  j < alphsize;  j++) {
            y[j] += alpha * x[i * alphsize + j];
        }
    }
    for (i = 1;  i < alphsize;  i++) {
        for (j = 0;  j < alphsize;  j++) {
            y[i + alphsize - 1] += alpha * x[i * alphsize + j];
        }
    }
}

static void
ResidualsLinearConstraints(double rA[], int alphsize, const double x[],
                           const double row_sums[], const double col_sums[])
{
    int i;             /* iteration index */

    for (i = 0;  i < alphsize;  i++) {
        rA[i] = col_sums[i];
    }
    for (i = 1;  i < alphsize;  i++) {
        rA[i + alphsize - 1] = row_sums[i];
    }
    MultiplyByA(1.0, rA, alphsize, -1.0, x);
}

static void
CalculateResiduals(double * rnorm,
                   double resids_x[],
                   int alphsize,
                   double resids_z[],
                   const double values[],
                   double ** grads,
                   const double row_sums[],
                   const double col_sums[],
                   const double x[],
                   const double z[],
                   int constrain_rel_entropy,
                   double relative_entropy)
{
    /* Euclidean norms of the primal and dual residuals */
    double norm_resids_z, norm_resids_x;

    DualResiduals(resids_x, alphsize, grads, z, constrain_rel_entropy);
    norm_resids_x = Nlm_EuclideanNorm(resids_x, alphsize * alphsize);

    ResidualsLinearConstraints(resids_z, alphsize, x, row_sums, col_sums);

    if (constrain_rel_entropy) {
        resids_z[2 * alphsize - 1] = relative_entropy - values[1];

        norm_resids_z = Nlm_EuclideanNorm(resids_z, 2 * alphsize);
    } else {
        norm_resids_z = Nlm_EuclideanNorm(resids_z, 2 * alphsize - 1);
    }
    *rnorm =
        sqrt(norm_resids_x * norm_resids_x + norm_resids_z * norm_resids_z);
}

static void
ScaledSymmetricProductA(double ** W, const double diagonal[], int alphsize)
{
    int rowW, colW;   /* iteration indices over the rows and columns of W */
    int i, j;         /* iteration indices over characters in the alphabet */
    int m;            /* The number of rows in A; also the size of W */

    m = 2 * alphsize - 1;

    for (rowW = 0;  rowW < m;  rowW++) {
        for (colW = 0;  colW <= rowW;  colW++) {
            W[rowW][colW] = 0.0;
        }
    }
    for (i = 0;  i < alphsize;  i++) {
        for (j = 0;  j < alphsize;  j++) {
            double dd;     /* an individual diagonal element */

            dd = diagonal[i * alphsize + j];

            W[j][j] += dd;
            if (i > 0) {
                W[i + alphsize - 1][j] += dd;
                W[i + alphsize - 1][i + alphsize - 1] += dd;
            }
        }
    }
}

void
Nlm_FactorLtriangPosDef(double ** A, int n)
{
    int i, j, k;                /* iteration indices */
    double temp;                /* temporary variable for intermediate
                                   values in a computation */

    for (i = 0;  i < n;  i++) {
        for (j = 0;  j < i;  j++) {
            temp = A[i][j];
            for (k = 0;  k < j;  k++) {
                temp -= A[i][k] * A[j][k];
            }
            A[i][j] = temp/A[j][j];
        }
        temp = A[i][i];
        for (k = 0;  k < i;  k++) {
            temp -= A[i][k] * A[i][k];
        }
        A[i][i] = sqrt(temp);
    }
}


static void
FactorReNewtonSystem(ReNewtonSystem * newton_system,
                     const double x[],
                     const double z[],
                     double ** grads,
                     int constrain_rel_entropy,
                     double * workspace)
{
    int i;          /* iteration index */
    int n;          /* the length of x */
    int m;          /* the length of z */

    /* Pointers to fields in newton_systems; the names of the local
     * variables match the names of the fields. */
    double ** W       = newton_system->W;
    int alphsize     = newton_system->alphsize;
    double * Dinv     = newton_system->Dinv;
    double * grad_re  = newton_system->grad_re;

    n = alphsize * alphsize;
    m = constrain_rel_entropy ? 2 * alphsize : 2 * alphsize - 1;

    newton_system->constrain_rel_entropy = constrain_rel_entropy;

    /* The original system has the form
     *
     *     (D     J^T)
     *     (J     0  ).
     *
     * We block reduce the system to
     *
     *     (D    J^T          )
     *     (0    -J D^{-1} J^T).
     *
     * First we find the inverse of the diagonal matrix D. */

     if (constrain_rel_entropy) {
        double eta;             /* dual variable for the relative
